Zero,One,A,B
0.31945,0.41017,0.26233,0.32642
0.3193,0.39896,0.23955,0.32168
0.32299,0.3928,0.23549,0.32402
0.32146,0.38428,0.22968,0.32386
0.31456,0.37042,0.21465,0.31737
0.30759,0.36526,0.21372,0.31052
0.30034,0.35968,0.18526,0.30169
0.3064,0.35914,0.18404,0.30228
0.30606,0.35551,0.18943,0.30023
0.30564,0.35355,0.18495,0.29749
0.30282,0.35252,0.1683,0.29628
0.30291,0.36499,0.17259,0.30231
0.30796,0.37706,0.20029,0.30805
0.30799,0.37945,0.20367,0.30815
0.30832,0.38494,0.21682,0.30726
0.32071,0.41617,0.25451,0.31943
0.32262,0.42336,0.26378,0.32306
0.32701,0.42146,0.24769,0.32563
0.32919,0.42723,0.24949,0.32958
0.33273,0.42472,0.2441,0.33117
0.33648,0.42477,0.26152,0.32621
0.33503,0.41726,0.29177,0.31128
0.34827,0.42582,0.33527,0.31889
0.35658,0.4327,0.3444,0.32456
0.35386,0.43758,0.34702,0.32456
0.36806,0.44519,0.38342,0.33369
0.37611,0.44572,0.3746,0.34519
0.39185,0.44182,0.37089,0.35862
0.40324,0.44819,0.37594,0.37357
0.4034,0.44737,0.37042,0.37518
0.40386,0.43432,0.36007,0.37508
0.40294,0.43607,0.36134,0.37395
0.39801,0.43635,0.35259,0.36966
0.39049,0.42424,0.35383,0.3633
0.38964,0.4189,0.35101,0.35659
0.37916,0.41316,0.31871,0.35113
0.37643,0.42562,0.33832,0.34487
0.3666,0.45059,0.36908,0.33603
0.37858,0.47615,0.409,0.33664
0.37438,0.46169,0.40415,0.33191
0.38956,0.46616,0.4138,0.33608
0.38725,0.4458,0.40691,0.33329
0.37995,0.43926,0.40113,0.32655
0.38208,0.42006,0.39021,0.32342
0.37951,0.39801,0.37788,0.31783
0.38051,0.38439,0.37719,0.31755
0.37939,0.39833,0.38349,0.31671
0.37473,0.40241,0.37632,0.31662
0.37417,0.3892,0.34278,0.31834
0.37686,0.38936,0.34144,0.31979
0.36552,0.3693,0.32874,0.31518
0.36366,0.36393,0.32637,0.31402
0.35895,0.35907,0.32465,0.31145
0.35659,0.35952,0.32761,0.3108
0.35152,0.35084,0.32083,0.30799
0.37056,0.37203,0.32502,0.32666
0.37166,0.37248,0.31836,0.33158
0.37281,0.37189,0.31594,0.33035
0.36821,0.36536,0.31607,0.3263
0.36243,0.36852,0.32659,0.32411
0.35819,0.35455,0.29458,0.32373
0.35579,0.35773,0.30315,0.32034
0.3595,0.35455,0.30704,0.3259
0.35565,0.34733,0.31088,0.32345
0.35881,0.34972,0.31145,0.33145
0.3401,0.3376,0.3057,0.31511
0.33804,0.3411,0.31421,0.31412
0.34664,0.34751,0.31541,0.32198
0.34956,0.34648,0.31403,0.3234
0.34482,0.3305,0.28217,0.3184
0.3397,0.32726,0.2647,0.31427
0.3429,0.32328,0.26712,0.31746
0.35031,0.3309,0.27961,0.32352
0.34455,0.3275,0.26881,0.3198
0.34107,0.34805,0.27294,0.32232
0.34043,0.34901,0.27437,0.32227
0.34356,0.34776,0.27636,0.32294
0.33262,0.33671,0.27109,0.31161
0.33171,0.33394,0.2724,0.31103
0.32903,0.33576,0.27112,0.30995
0.33066,0.33948,0.27511,0.3121
0.32394,0.33383,0.26984,0.30666
0.31774,0.32554,0.25357,0.30211
0.31715,0.33911,0.24614,0.29938
0.31903,0.33953,0.24209,0.29212
0.32152,0.34914,0.24376,0.29438
0.32338,0.3606,0.24928,0.29495
0.32644,0.35872,0.25328,0.29859
0.32551,0.35479,0.24692,0.29541
0.32333,0.34498,0.24693,0.29228
0.33867,0.34024,0.25748,0.30312
0.34501,0.34662,0.26095,0.31026
0.34358,0.3501,0.26189,0.3163
0.35881,0.35726,0.26502,0.35491
0.3629,0.37149,0.27826,0.36195
0.36544,0.37562,0.27631,0.3647
0.36843,0.37721,0.27988,0.36829
0.38116,0.37754,0.28095,0.37861
0.37589,0.37342,0.29082,0.37082
0.37696,0.37563,0.28592,0.36937
0.36209,0.36818,0.25951,0.3633
0.36497,0.37036,0.2637,0.37215
0.37382,0.38299,0.26954,0.37739
0.3631,0.37921,0.27199,0.35767
0.36345,0.37589,0.27063,0.35667
0.36295,0.3675,0.2701,0.35283
0.35792,0.36873,0.25788,0.34877
0.32937,0.35936,0.24519,0.31453
0.32544,0.35573,0.23511,0.31013
0.32831,0.34791,0.24043,0.30992
0.33204,0.34727,0.23201,0.31192
0.32967,0.3428,0.22858,0.30888
0.32753,0.333,0.22706,0.30535
0.32045,0.31881,0.22327,0.29296
0.3162,0.30573,0.2136,0.28715
0.31115,0.30465,0.21182,0.28163
0.31381,0.32374,0.22371,0.2866
0.31258,0.32978,0.23596,0.28569
0.31862,0.33814,0.23736,0.28755
0.31361,0.33857,0.23432,0.28937
0.32219,0.33529,0.2387,0.2993
0.32286,0.33285,0.23979,0.29911
0.32929,0.32598,0.23699,0.30392
0.32966,0.33057,0.23456,0.30786
0.33205,0.34351,0.247,0.31354
0.33157,0.34536,0.24733,0.31398
0.32977,0.32997,0.23391,0.3168
0.32967,0.33732,0.24058,0.31937
0.33098,0.34251,0.24306,0.33114
0.33195,0.33602,0.23991,0.33075
0.32269,0.34541,0.24422,0.32284
0.31911,0.34458,0.22652,0.32381
0.31629,0.34324,0.22118,0.3223
0.31405,0.34441,0.22185,0.32228
0.31865,0.34562,0.22374,0.32717
0.32562,0.35752,0.232,0.33126
0.32238,0.35367,0.22451,0.32572
0.32824,0.35601,0.2295,0.32913
0.31912,0.352,0.22753,0.31236
0.32386,0.36371,0.24117,0.31521
0.3249,0.36114,0.24725,0.3182
0.33938,0.36191,0.2578,0.32777
0.34318,0.36393,0.25814,0.33148
0.34642,0.36422,0.27033,0.33369
0.34911,0.36195,0.26866,0.33491
0.34477,0.36321,0.27091,0.33543
0.3444,0.34873,0.26123,0.33478
0.34503,0.34098,0.25615,0.33885
0.33862,0.34442,0.25523,0.33301
0.33655,0.34212,0.24819,0.33205
0.3327,0.34375,0.24629,0.32637
0.34246,0.34733,0.23562,0.33317
0.35152,0.34374,0.24766,0.33671
0.33997,0.33557,0.23887,0.32252
0.33883,0.34076,0.23818,0.31971
0.33505,0.33209,0.22002,0.31433
0.33155,0.32348,0.20402,0.30849
0.33029,0.32079,0.20542,0.3062
0.33714,0.32483,0.21349,0.31744
0.33452,0.3285,0.22259,0.31652
